              precision    recall  f1-score   support

           0       0.77      0.91      0.84      3915
           1       0.77      0.65      0.71      4087
           2       0.65      0.62      0.63      3653
           3       0.66      0.69      0.68      3990
           4       0.46      0.59      0.52      1546
           5       0.99      0.99      0.99       826
           6       1.00      1.00      1.00       864
           7       0.38      0.17      0.23       621
           8       0.60      0.52      0.55       841
           9       0.54      0.49      0.51       865

    accuracy                           0.70     21208
   macro avg       0.68      0.66      0.67     21208
weighted avg       0.70      0.70      0.69     21208
